0.995665 -2.82403 1.92837
1.09566 -2.82403 1.92837
1.19566 -2.82403 1.92837
1.29566 -2.82403 1.92837
1.39566 -2.82403 1.92837
1.49566 -2.82403 1.92837
1.59566 -2.82403 1.92837
1.69566 -2.82403 1.92837
1.79566 -2.82403 1.92837
1.89566 -2.82403 1.92837
1.99566 -2.82403 1.92837
2.09566 -2.82403 1.92837
2.19566 -2.82403 1.92837
2.29566 -2.82403 1.92837
2.39566 -2.82403 1.92837
2.49566 -2.82403 1.92837
2.59566 -2.82403 1.92837
2.69566 -2.82403 1.92837
2.79566 -2.82403 1.92837
2.89566 -2.82403 1.92837
2.99566 -2.82403 1.92837
3.09566 -2.82403 1.92837
3.19566 -2.82403 1.92837
3.29566 -2.82403 1.92837
3.39566 -2.82403 1.92837
3.49566 -2.82403 1.92837
3.59566 -2.82403 1.92837
3.69566 -2.82403 1.92837
3.79566 -2.82403 1.92837
3.89566 -2.82403 1.92837
3.99566 -2.82403 1.92837
-2.18752 3.45915 1.92837
-2.08752 3.45915 1.92837
-1.98752 3.45915 1.92837
-1.88752 3.45915 1.92837
-1.78752 3.45915 1.92837
-1.68752 3.45915 1.92837
-1.58752 3.45915 1.92837
-1.48752 3.45915 1.92837
-1.38752 3.45915 1.92837
-1.28752 3.45915 1.92837
-1.18752 3.45915 1.92837
-1.08752 3.45915 1.92837
-0.987521 3.45915 1.92837
-0.887521 3.45915 1.92837
-0.787521 3.45915 1.92837
-0.687521 3.45915 1.92837
-0.587521 3.45915 1.92837
-0.487521 3.45915 1.92837
-0.387521 3.45915 1.92837
-0.287521 -2.82403 8.21155
-0.187521 -2.82403 8.21155
-0.0875205 -2.82403 8.21155
0.0124795 -2.82403 8.21155
0.112479 -2.82403 8.21155
0.212479 -2.82403 8.21155
0.312479 -2.82403 8.21155
0.412479 -2.82403 8.21155
0.512479 -2.82403 8.21155
0.612479 -2.82403 8.21155
0.712479 -2.82403 8.21155
0.812479 -2.82403 8.21155
