-0.795665 2.82403 -1.92837
-0.695665 2.82403 -1.92837
-0.595665 2.82403 -1.92837
-0.495665 2.82403 -1.92837
-0.395665 2.82403 -1.92837
-0.295665 2.82403 -1.92837
-0.195665 2.82403 -1.92837
-0.0956648 2.82403 -1.92837
0.00433521 2.82403 -1.92837
0.104335 2.82403 -1.92837
0.204335 2.82403 -1.92837
0.304335 2.82403 -1.92837
0.404335 -3.45915 4.35482
0.504335 -3.45915 4.35482
0.604335 -3.45915 4.35482
0.704335 -3.45915 4.35482
0.804335 -3.45915 4.35482
0.904335 -3.45915 4.35482
1.00434 -3.45915 4.35482
1.10434 -3.45915 4.35482
1.20434 -3.45915 4.35482
1.30434 -3.45915 4.35482
1.40434 -3.45915 4.35482
1.50434 -3.45915 4.35482
1.60434 -3.45915 4.35482
1.70434 -3.45915 4.35482
1.80434 -3.45915 4.35482
1.90434 -3.45915 4.35482
2.00434 -3.45915 4.35482
2.10434 -3.45915 4.35482
2.20434 -3.45915 4.35482
-3.97885 2.82403 4.35482
-3.87885 2.82403 4.35482
-3.77885 2.82403 4.35482
-3.67885 2.82403 4.35482
-3.57885 2.82403 4.35482
-3.47885 2.82403 4.35482
-3.37885 2.82403 4.35482
-3.27885 2.82403 4.35482
-3.17885 2.82403 4.35482
-3.07885 2.82403 4.35482
-2.97885 2.82403 4.35482
-2.87885 2.82403 4.35482
-2.77885 2.82403 4.35482
-2.67885 2.82403 4.35482
-2.57885 2.82403 4.35482
-2.47885 2.82403 4.35482
-2.37885 2.82403 4.35482
-2.27885 2.82403 4.35482
-2.17885 2.82403 4.35482
-2.07885 2.82403 4.35482
-1.97885 2.82403 4.35482
-1.87885 2.82403 4.35482
-1.77885 2.82403 4.35482
-1.67885 2.82403 4.35482
-1.57885 2.82403 4.35482
-1.47885 2.82403 4.35482
-1.37885 2.82403 4.35482
-1.27885 2.82403 4.35482
-1.17885 2.82403 4.35482
-1.07885 2.82403 4.35482
-0.97885 2.82403 4.35482
