-0.795672 2.82403 -1.92836
-0.695646 2.82404 -1.92839
-0.595668 2.82404 -1.92837
-0.496178 2.82379 -1.92761
-0.395693 2.82403 -1.92834
-0.295881 2.82403 -1.92815
-0.195795 2.82403 -1.92823
-0.0958281 2.82418 -1.92836
0.00424446 2.82402 -1.92827
0.104336 2.82403 -1.92837
0.204292 2.82405 -1.92835
0.304284 2.82404 -1.92833
0.404336 -3.45915 4.35482
0.504308 -3.45916 4.35485
0.604251 -3.45911 4.35486
0.704338 -3.45915 4.35481
0.804367 -3.45914 4.35477
0.904025 -3.45904 4.35502
1.00354 -3.45912 4.35558
1.10412 -3.45917 4.35506
1.20451 -3.45909 4.35457
1.30422 -3.45914 4.35492
1.40425 -3.45913 4.35488
1.50434 -3.45915 4.35481
1.60435 -3.45915 4.3548
1.7036 -3.45941 4.35581
1.80433 -3.45915 4.35482
1.90437 -3.45914 4.35477
2.00394 -3.45912 4.35518
2.10434 -3.45915 4.35481
2.2042 -3.45915 4.35495
-3.97893 2.82402 4.3549
-3.87937 2.82418 4.35518
-3.77895 2.82403 4.35492
-3.67878 2.82405 4.35473
-3.57896 2.82407 4.35489
-3.47886 2.82404 4.35482
-3.37886 2.82403 4.35483
-3.27897 2.82406 4.35491
-3.17891 2.82414 4.35477
-3.07934 2.82407 4.35527
-2.97875 2.82414 4.35461
-2.87886 2.82403 4.35482
-2.77883 2.82404 4.3548
-2.67898 2.82408 4.3549
-2.57884 2.82403 4.35481
-2.47893 2.82404 4.35489
-2.37955 2.82409 4.35546
-2.27893 2.82415 4.35478
-2.17883 2.82404 4.35479
-2.07931 2.82432 4.35498
-1.97894 2.82402 4.35492
-1.87925 2.82405 4.3552
-1.77891 2.82403 4.35488
-1.67885 2.82403 4.35482
-1.5789 2.82405 4.35484
-1.47889 2.82404 4.35485
-1.37885 2.82403 4.35482
-1.27902 2.8241 4.35492
-1.17884 2.82403 4.35481
-1.07886 2.82403 4.35483
-0.978957 2.82408 4.35487
