4.30889e-11 5.82867e-16
3.86667e-10 -6.10623e-16
1.02462e-10 0
4.2172e-07 1.11022e-16
7.08242e-10 -2.22045e-16
4.72492e-08 1.11022e-16
1.60434e-08 -2.22045e-16
2.1502e-07 1.11022e-16
7.25941e-09 2.22045e-16
2.51623e-13 -1.11022e-16
6.27499e-09 -2.22045e-16
3.92067e-09 -2.22045e-16
6.01197e-13 -6.66134e-16
6.55999e-10 -2.22045e-16
2.80229e-08 -2.22045e-16
1.26154e-11 2.22045e-16
1.28604e-09 -2.22045e-16
2.30324e-07 -2.22045e-16
6.9974e-07 -2.22045e-16
4.12775e-08 -4.44089e-16
3.90762e-08 -8.88178e-16
1.95465e-08 4.44089e-16
1.27185e-08 4.44089e-16
2.73903e-11 -4.44089e-16
2.84946e-10 -8.88178e-16
6.29458e-07 -4.44089e-16
2.05787e-12 -4.44089e-16
1.62742e-09 0
1.79829e-07 0
1.80357e-10 -4.44089e-16
1.95535e-08 -4.44089e-16
5.24582e-09 -4.44089e-16
5.37026e-07 0
9.30745e-09 -4.44089e-16
4.95865e-09 4.44089e-16
3.21912e-08 4.44089e-16
4.5148e-10 -4.44089e-16
9.25583e-11 1.33227e-15
2.30804e-08 1.33227e-15
8.54621e-08 0
2.76244e-07 0
6.16736e-08 0
3.8839e-11 0
2.37167e-10 0
4.33709e-08 -8.88178e-16
4.82188e-11 -8.88178e-16
7.05756e-09 0
5.87231e-07 0
1.08226e-07 0
4.67472e-10 -8.88178e-16
9.68285e-07 0
7.74938e-09 0
1.80514e-07 0
3.31946e-09 0
4.65395e-14 0
7.18762e-09 -8.88178e-16
2.42726e-09 0
1.71545e-13 0
8.01275e-08 0
6.43882e-11 0
8.44108e-11 0
3.76774e-08 8.88178e-16
