3.9443e-31 1.38778e-16
3.16777e-30 2.77556e-16
6.40949e-31 -2.22045e-16
0 -1.11022e-16
1.57772e-30 -2.22045e-16
2.46519e-31 -1.11022e-16
1.97215e-31 -2.22045e-16
9.86076e-31 -1.11022e-16
4.93038e-32 0
1.97215e-30 -1.11022e-16
6.40949e-31 2.22045e-16
4.93038e-32 0
1.78726e-30 2.22045e-16
1.97215e-31 -2.22045e-16
1.7942e-30 2.22045e-16
3.48208e-31 2.22045e-16
5.70075e-31 2.22045e-16
5.05364e-31 2.22045e-16
1.2326e-32 -2.22045e-16
1.82424e-30 4.44089e-16
1.97215e-31 0
9.86076e-31 -4.44089e-16
9.86076e-31 -4.44089e-16
7.88861e-31 4.44089e-16
1.77494e-30 4.44089e-16
7.88861e-31 4.44089e-16
1.77494e-30 4.44089e-16
1.2326e-30 -4.44089e-16
9.98402e-31 -4.44089e-16
1.19562e-30 4.44089e-16
1.45774e-30 -4.44089e-16
6.93335e-33 0
3.97204e-30 4.44089e-16
2.09541e-31 0
1.42981e-30 4.44089e-16
7.88861e-31 4.44089e-16
1.97215e-30 -4.44089e-16
1.97215e-31 0
3.54987e-30 -4.44089e-16
6.40949e-31 0
4.93038e-32 0
2.46519e-31 0
4.93038e-32 0
5.05364e-31 0
3.08149e-31 0
2.77334e-32 0
1.30193e-31 0
1.97215e-31 0
2.46519e-31 0
1.2326e-32 0
0 0
4.93038e-32 0
0 0
0 0
1.97215e-31 0
4.93038e-32 0
4.93038e-32 0
4.93038e-32 0
2.46519e-31 0
4.93038e-32 0
4.93038e-32 0
2.00297e-31 0
